2. DFT data set

ID IP/eV n/cP Tb/K Tf/K mu(Li)/(keal/mol) mu(PF6-)/(kcal/mol)
N1C21 -10.40 0.42 387.15 263.18 16.44 -1.59
N1C31 -8.73 0.40 386.61 261.35 15.90 0.78
N1C41 -8.40 0.47 402.43 272.69 15.86 2.03
N1C42 -8.57 0.41 395.24 266.22 15.73 2.10
N1C51 -8.14 0.58 423.03 287.97 15.80 2.73
N1C52 -7.99 0.49 414.72 280.39 15.76 2.86
N1C53 -8.06 0.55 418.25 284.09 15.92 2.79
N1C54 -9.46 0.43 405.67 272.76 15.67 2.94
N1C66 -7.76 0.52 426.29 288.02 15.66 3.42
N1C67 -7.57 0.62 431.88 293.70 16.02 3.21
N1C68 -7.65 0.57 432.79 293.44 15.86 3.40
N1C712 -7.66 0.68 452.19 307.59 15.96 3.95
N2C10113 -8.28 1.84 527.65 361.88 18.65 3.34
N2C10119 -8.05 2.37 525.19 361.61 16.77 2.66
N2C10121 -8.05 2.68 527.94 364.83 17.04 2.86
N2C10122 -7.98 2.67 529.41 365.43 16.79 2.70
N2C10125 -7.87 2.60 557.14 380.57 16.08 2.30
N2C10126 -6.50 2.73 559.93 382.75 16.01 2.43
N2C10128 -8.00 3.17 572.58 391.66 15.67 2.10
N2C10129 -8.00 2.97 563.31 385.67 16.06 2.45
N2C10130 -8.02 3.28 572.05 391.66 15.66 2.16
N2C10149 -7.99 3.51 618.82 417.61 15.78 1.88
N2C10162 -7.87 3.94 690.82 456.49 15.73 1.84
N2C10203 -6.28 3.09 536.26 370.05 16.95 2.69
N2C10206 -7.86 3.93 630.24 424.58 17.21 2.55
N2C10209 -8.01 3.29 582.25 396.73 16.10 2.21
N2C10212 -7.85 3.13 571.60 390.57 16.26 2.30
N2C10214 -7.96 2.78 662.46 438.83 15.73 2.14
N2C10215 -7.73 3.75 643.81 432.09 15.77 2.15
N2C10248 -8.17 1.59 525.49 358.94 18.62 3.45
N2C10256 -8.00 2.25 519.86 357.94 16.90 2.59
N2C10258 -7.80 2.45 524.30 361.36 16.73 2.59
N2C10262 -7.86 3.08 586.39 398.27 16.10 2.02
N2C10265 -7.78 2.68 560.56 382.80 16.04 2.39
N2C10266 -8.03 2.76 565.05 385.55 15.68 2.06
N2C10284 -7.43 2.94 620.73 416.21 17.18 2.47
N2C10303 -7.10 1.50 528.40 360.17 18.54 3.61
N2C10313 -8.13 2.70 630.02 421.52 15.62 2.03
N2C10324 -7.47 1.31 527.82 357.81 18.28 3.42
N2C10328 -7.64 2.22 670.84 441.03 15.43 1.74
N2C10369 -8.03 3.72 556.61 378.08 16.70 2.51
N2C10374 -7.94 5.36 618.05 416.02 15.89 1.94
N2C10437 -7.92 5.61 668.48 443.69 15.40 1.69
N2C10479 -7.44 2.34 579.13 386.78 17.89 3.12
N2C1047 -6.33 3.61 537.82 372.85 16.90 2.63
N2C10496 -6.56 3.43 557.11 377.30 16.74 2.48
N2C10500 -7.81 3.37 561.99 380.06 16.65 2.54
N2C10509 -7.58 4.77 695.95 456.01 15.88 1.68
N2C10510 -7.59 5.00 722.37 470.14 15.89 1.69
N2C10519 -8.03 4.42 620.09 415.11 15.96 2.01
N2C10520 -8.04 5.10 708.60 463.45 15.91 1.81
N2C1052 -6.64 3.07 599.10 406.04 16.07 2.47
N2C10539 -7.56 4.44 616.89 413.00 16.06 1.78
N2C10576 -7.90 5.48 646.08 431.06 15.93 1.73
N2C10606 -7.66 4.24 686.41 449.90 15.80 1.77
N2C10607 -7.71 4.18 615.28 411.83 15.95 1.92
N2C10608 -7.88 4.84 631.97 421.82 16.14 1.85
N2C10611 -7.82 5.13 642.18 427.37 16.70 2.13
N2C10612 -7.36 5.32 638.25 426.28 16.09 1.65
N2C10622 -7.50 2.69 549.32 370.91 16.51 2.61
N2C10625 -7.98 3.88 618.76 413.26 15.79 1.82
N2C10631 -7.89 4.23 690.99 451.94 15.59 1.78
N2C10636 -7.57 2.44 573.93 384.65 18.39 3.21
N2C10640 -8.52 3.58 734.25 473.57 15.24 1.42
N2C10641 -7.68 3.69 600.43 402.71 15.80 1.97
N2C10645 -8.00 3.57 666.44 437.22 16.84 2.24
N2C10646 -7.74 4.12 612.48 409.83 16.47 2.13
N2C10647 -7.94 4.51 645.56 428.76 15.87 1.73
N2C21 -11.60 0.25 268.24 189.51 23.32 3.34
N2C31 -9.66 2.25 518.64 360.21 18.26 2.15
N2C41 -9.02 3.48 613.10 418.43 17.33 -0.48
N2C42 -9.57 1.58 495.52 342.16 18.60 0.68
N2C51 -8.78 2.40 559.70 382.93 16.59 -1.17
N2C52 -8.98 1.60 495.67 341.43 18.67 1.42
N2C54 -9.50 0.97 478.25 325.96 18.41 0.70
N2C61 -8.47 3.23 616.39 417.08 16.14 -0.63
N2C62 -6.58 1.83 503.47 346.75 18.67 1.86
N2C63 -8.40 2.82 589.15 399.73 17.29 0.57
N2C64 -8.57 2.59 568.46 387.95 16.35 -0.36
N2C65 -8.43 2.32 557.91 380.27 16.49 0.03
N2C66 -8.27 1.01 485.51 330.38 18.36 1.51
N2C67 -8.51 2.13 585.92 395.08 17.18 0.31
N2C68 -7.73 1.58 497.35 341.72 18.76 1.95
N2C69 -8.41 2.15 502.50 347.90 17.15 0.57
N2C710 -8.15 2.32 585.23 395.08 17.17 0.96
N2C711 -8.39 2.41 562.57 383.19 16.23 0.50
N2C712 -8.50 2.21 554.02 376.69 16.46 0.76
N2C713 -8.01 1.86 507.03 348.57 18.69 2.23
N2C714 -8.01 2.06 515.40 354.66 18.74 2.23
N2C715 -6.48 2.19 509.49 351.48 16.80 1.09
N2C716 -8.33 2.48 567.95 386.51 16.05 0.27
N2C717 -8.27 3.18 600.96 406.68 17.31 1.14
N2C718 -8.03 2.60 672.44 444.28 15.80 0.05
N2C719 -7.62 1.05 492.11 334.52 18.41 2.19
N2C71 -7.11 2.33 643.76 427.89 15.89 0.31
N2C721 -8.45 1.55 497.24 341.10 18.81 2.39
N2C722 -8.63 3.94 686.31 450.27 16.59 0.40
N2C723 -8.49 4.22 637.69 425.48 16.00 -0.13
N2C73 -7.28 3.28 604.69 409.14 17.14 1.00
N2C74 -8.19 2.90 570.71 389.59 16.30 0.46
N2C75 -8.13 2.19 626.09 417.48 15.78 0.45
N2C76 -8.21 2.64 558.75 381.60 16.47 0.83
N2C77 -8.23 3.24 618.29 417.45 15.89 0.16
N2C78 -8.55 1.06 492.95 335.13 18.36 2.16
N2C79 -6.47 1.16 502.01 341.29 18.28 2.01
N2C810 -8.01 3.45 647.80 433.65 15.45 0.56
N2C813 -8.14 2.64 596.32 402.13 17.17 1.55
N2C814 -6.52 3.05 617.03 415.00 17.04 1.53
N2C815 -7.96 2.72 568.08 387.22 16.20 1.05
N2C816 -8.05 2.97 614.47 414.14 15.73 0.96
N2C817 -8.00 2.63 565.88 384.97 16.45 1.33
N2C823 -8.30 2.63 519.98 359.36 16.87 1.72
N2C824 -6.31 2.51 515.22 356.12 16.93 1.71
N2C825 -7.11 2.33 546.25 373.20 16.08 1.35
N2C826 -6.63 2.17 637.74 423.23 15.61 1.06
N2C827 -7.79 3.51 616.08 415.51 17.04 1.48
N2C828 -7.98 2.98 672.71 445.19 15.81 0.69
N2C829 -7.83 3.55 582.88 398.08 16.34 1.29
N2C830 -7.19 3.03 595.31 403.17 16.19 1.09
N2C831 -7.79 2.65 581.65 394.32 15.85 1.00
N2C833 -8.15 3.00 570.89 389.74 15.66 0.99
N2C835 -8.22 3.28 620.35 417.83 15.94 0.81
N2C836 -7.64 1.12 503.56 341.95 18.43 2.86
N2C837 -6.48 1.20 509.93 346.34 18.32 2.50
N2C838 -8.01 1.40 509.15 347.53 18.47 2.56
N2C839 -8.07 1.91 505.09 347.44 16.77 1.56
N2C840 -8.34 1.80 501.00 344.64 16.97 1.94
N2C841 -8.26 2.00 539.25 367.49 15.95 1.32
N2C842 -7.73 2.43 508.86 352.12 17.19 1.73
N2C848 -7.79 2.25 547.21 373.11 16.05 1.14
N2C844 -7.82 1.82 508.31 348.99 18.80 2.62
N2C845 -7.80 2.16 518.14 356.53 18.80 2.53
N2C846 -7.72 2.65 666.67 440.54 15.85 0.67
N2C847 -8.03 3.24 604.39 408.20 17.29 1.49
N2C849 -8.15 2.62 618.01 413.90 17.08 1.63
N2C850 -8.03 2.50 567.14 385.65 15.99 0.98
N2C851 -8.42 1.10 499.23 339.11 18.44 2.63
N2C852 -8.92 1.56 593.87 396.04 16.79 1.36
N2C85 -8.11 2.82 581.10 394.75 15.82 1.01
N2C861 -8.04 1.77 551.07 367.83 17.99 2.44
N2C863 -8.01 2.75 539.72 365.06 16.60 1.47
N2C864 -8.16 3.60 699.80 456.04 15.86 0.57
N2C865 -7.91 3.96 562.84 381.78 16.70 1.42
N2C866 -8.26 4.94 703.74 461.04 16.57 1.06
N2C867 -7.92 4.28 622.58 416.35 15.89 0.61
N2C868 -8.03 4.11 719.90 467.94 15.90 0.57
N2C89 -7.94 3.60 598.87 407.48 15.64 0.77
N2C9103 -7.94 2.85 527.62 364.33 16.97 2.24
N2C9106 -8.02 2.86 577.08 392.53 16.04 1.69
N2C9107 -7.75 3.59 694.37 458.23 15.73 1.57
N2C9109 -7.96 2.36 648.83 429.97 15.67 1.56
N2C9110 -8.05 2.79 570.11 388.08 16.29 1.81
N2C9114 -6.39 1.24 518.21 351.48 18.25 3.07
N2C9117 -7.91 1.97 506.43 348.57 16.96 2.30
N2C9118 -8.15 2.46 582.05 393.85 16.02 1.44
N2C9121 -7.65 2.65 571.19 388.10 16.01 1.52
N2C9122 -7.34 2.78 640.28 426.43 16.92 1.79
N2C9123 -8.41 1.18 511.37 347.24 18.44 3.22
N2C9124 -7.77 1.37 515.03 351.00 18.50 2.96
N2C9126 -8.44 1.75 607.49 404.66 16.76 1.98
N2C9127 -8.06 2.06 663.01 436.42 15.47 1.38
N2C9128 -8.01 2.86 608.82 409.38 17.13 1.86
N2C914 -8.27 1.60 523.27 357.73 18.51 3.16
N2C9153 -8.01 2.98 545.41 369.18 16.68 2.07
N2C9156 -8.14 4.28 704.89 459.97 15.89 1.26
N2C9165 -7.81 5.34 669.52 443.59 15.67 0.99
N2C9172 -8.08 5.17 630.33 422.21 15.81 1.10
N2C9178 -7.89 4.75 657.39 436.32 15.37 1.03
N2C9186 -7.35 2.03 567.57 378.63 17.81 2.77
N2C9190 -7.52 3.77 697.32 454.65 16.41 1.40
N2C9193 -7.70 4.09 632.21 420.91 15.87 1.17
N2C9194 -7.65 4.26 620.37 414.83 15.84 1.17
N2C9195 -8.06 3.76 609.73 407.84 15.91 1.47
N2C9197 -7.40 4.51 631.99 420.86 16.73 1.70
N2C9198 -7.93 4.95 649.40 431.73 15.95 1.16
N2C9199 -8.22 4.95 648.09 430.73 16.90 1.69
N2C919 -7.94 3.21 579.21 394.94 16.21 1.63
N2C9200 -7.91 4.76 623.09 416.72 16.58 1.81
N2C9202 -8.04 4.71 634.85 423.49 16.04 1.32
N2C9203 -7.80 5.12 629.99 421.89 15.86 1.13
N2C9206 -8.14 2.62 663.09 432.81 16.45 1.56
N2C9207 -8.07 3.22 590.24 395.57 15.76 1.44
N2C9210 -8.27 6.00 665.94 440.72 15.83 0.80
N2C921 -7.84 3.52 620.19 418.83 15.71 1.40
N2C922 -7.88 3.48 613.13 415.10 15.43 1.56
N2C934 -6.47 3.34 532.91 369.17 16.94 2.22
N2C937 -8.08 2.52 560.59 382.44 16.20 2.09
N2C938 -8.10 2.53 649.86 431.27 15.54 1.73
N2C939 -8.04 2.21 555.16 377.99 15.84 2.13
N2C942 -8.10 3.93 692.63 457.83 15.93 1.52
N2C943 -8.00 3.91 693.15 458.23 15.75 1.54
N2C945 -7.81 3.07 592.24 401.58 15.87 1.71
N2C946 -7.73 4.20 633.15 427.53 15.81 1.55
N2C952 -8.00 3.68 583.20 398.62 15.77 1.56
N2C956 -7.90 3.59 654.83 437.75 15.53 1.46
N2C963 -6.49 1.31 522.18 354.56 18.38 3.09
N2C967 -7.98 1.49 519.82 354.62 18.48 3.114
N2C970 -8.05 2.16 514.61 354.33 16.81 2.14
N2C971 -7.99 2.06 513.31 353.18 16.69 2.24
N2C972 -6.39 2.41 518.96 358.08 16.76 2.16
N2C973 -8.16 2.30 515.17 355.60 17.01 2.45
N2C976 -8.04 2.74 560.36 383.19 15.66 1.68
N2C977 -7.66 2.66 519.34 358.92 17.01 2.14
N2C981 -7.79 2.95 569.28 388.30 16.12 1.63
N2C984 -8.02 3.32 600.30 407.25 15.80 1.28
N2C989 -7.82 2.97 570.74 389.10 16.27 1.63
N2C990 -7.74 3.05 676.33 446.60 15.81 1.43
N2C993 -7.40 3.85 583.72 398.96 16.36 1.69
N2C994 -7.97 3.61 564.10 386.95 15.95 1.63
N3C41 -9.79 2.61 517.55 357.92 19.94 2.82
N3C51 -9.56 8.32 677.66 458.04 18.30 2.57
N3C52 -9.39 1.64 489.92 338.30 20.42 1.28
N3C61 -8.76 11.61 710.75 479.74 17.47 0.48
N3C63 -9.25 1.44 484.13 333.03 20.61 1.74
N3C64 -9.21 5.43 583.57 402.27 18.78 0.74
N3C65 -8.80 6.66 587.09 405.39 18.77 1.42
N3C710 -6.89 9.35 698.25 469.02 17.70 0.41
N3C711 -8.68 15.51 663.56 455.95 17.41 -0.12
N3C712 -8.92 1.28 482.15 330.38 20.72 2.28
N3C713 -8.56 3.90 571.88 392.39 18.89 0.63
N3C0714 -7.18 4.55 571.50 392.74 18.93 1.13
N3C73 -8.97 17.76 671.41 461.66 17.05 -0.61
N3C74 -6.54 1.51 491.01 337.14 20.71 2.07
N3C75 -6.62 4.78 568.79 392.12 18.96 0.94
N3C76 -8.74 6.86 591.10 408.67 17.82 -0.14
N3C77 -8.92 9.51 624.34 429.30 17.88 -0.05
N3C78 -6.66 6.86 567.88 394.09 18.83 1.48
N3C79 -8.79 10.08 607.46 420.34 17.87 0.68
N3C810 -8.55 18.13 670.61 460.29 17.20 -0.28
N3C811 -8.54 23.56 763.57 512.67 16.76 -0.59
N3C813 -6.69 7.80 602.75 415.10 18.29 0.86
N3C814 -8.36 6.34 638.94 432.99 17.63 0.54
N3C815 -8.66 10.01 691.89 465.23 17.82 0.81
N3C816 -6.79 10.17 652.54 444.42 17.46 0.46
N3C817 -6.64 12.59 655.01 447.58 17.56 0.61
N3C818 -8.52 15.00 639.96 441.03 17.77 0.47
N3C81 -8.46 9.41 706.90 473.65 17.24 0.28
N3C820 -8.57 23.54 709.85 484.09 17.12 -0.15
N3C821 -8.52 21.87 803.22 533.16 16.85 -0.95
N3C822 -8.56 16.41 744.21 499.15 16.81 -0.80
N3C823 -6.60 1.40 492.34 337.14 20.78 2.51
N3C824 -8.24 1.70 496.26 341.34 20.88 2.43
N3C825 -7.42 3.76 580.80 396.20 18.78 1.07
N3C826 -6.48 3.89 561.89 386.29 18.94 1.15
N3C827 -8.83 6.90 620.75 424.75 17.80 0.06
N3C828 -8.76 4.99 653.95 438.46 18.96 1.14
N3C829 -8.06 6.59 691.46 462.33 17.65 0.05
N3C82 -6.95 21.70 728.32 493.16 16.88 -0.68
N3C830 -8.43 5.01 560.74 387.06 18.92 1.40
N3C831 -8.61 9.49 621.35 426.80 17.95 0.65
N3C832 -8.43 9.66 641.57 438.73 17.52 -0.19
N3C833 -8.76 10.10 622.83 428.24 17.79 0.24
N3C834 -7.47 7.51 686.96 459.62 17.81 0.59
N3C835 -8.41 7.06 659.29 443.34 19.12 1.63
N3C836 -8.49 7.87 592.45 409.04 17.95 0.89
N3C838 -7.20 1.15 481.83 328.93 20.76 2.76
N3C839 -8.00 2.63 556.73 379.88 18.78 0.91
N3C840 -8.62 18.90 694.07 467.46 17.47 0.04
N3C841 -8.79 30.46 721.52 487.77 16.98 -0.53
N3C842 -8.62 6.12 636.26 425.70 18.48 0.72
N3C843 -8.55 10.82 653.69 441.56 17.51 -0.16
N3C85 -8.21 1.93 500.61 345.60 20.97 2.57
N3C86 -8.60 5.57 569.69 393.57 19.08 1.37
N3C87 -6.84 7.60 617.20 423.49 17.89 0.25
N3C88 -8.46 5.12 630.90 427.69 17.27 -0.12
N3C9100 -8.18 8.37 610.72 418.97 17.97 1.21
N3C9101 -8.19 6.13 651.15 437.41 19.23 1.72
N3C9102 -8.22 1.35 494.60 338.47 20.86 3.12
N3C9103 -7.92 1.88 506.50 348.29 20.99 2.65
N3C9104 -6.63 2.55 561.61 382.18 18.79 1.57
N3C9105 -8.49 2.80 565.49 385.21 18.85 1.51
N3C9106 -8.44 5.16 668.35 447.25 17.40 0.37
N3C9107 -8.61 4.88 655.98 438.56 19.03 1.52
N3C9108 -7.46 4.87 686.86 456.24 17.49 0.39
N3C9109 -8.00 8.58 622.20 426.25 17.66 0.35
N3C910 -6.67 7.42 704.51 470.94 16.87 -0.06
N3C9110 -8.32 9.51 644.52 433.23 17.91 1.01
N3C9111 -8.46 18.23 710.44 475.37 17.04 0.43
N3C9114 -8.48 34.99 759.55 507.91 16.54 -0.96
N3C09115 -8.57 22.05 779.71 513.71 16.85 -0.25
N3C9116 -8.44 28.17 743.00 497.74 16.49 -0.84
N3C09117 -8.52 23.33 713.61 479.38 16.65 -0.48
N3C9118 -8.63 23.50 813.86 533.44 16.40 -1.04
N3C9119 -7.66 6.48 704.78 462.02 18.55 1.25
N3C9120 -8.11 6.53 701.50 460.19 18.63 1.20
N3C9121 -8.28 7.29 709.89 466.04 18.67 1.25
N3C09122 -7.97 9.25 732.70 481.23 17.50 0.32
N3C9123 -8.58 10.41 647.92 437.26 17.52 0.46
N3C9124 -8.50 10.23 688.77 458.60 17.60 0.50
N3C9125 -8.27 11.37 667.38 447.93 17.48 0.13
N3C09126 -8.15 15.52 713.93 475.60 17.40 0.26
N3C9127 -8.73 16.38 692.63 465.32 17.03 -0.35
N3C9128 -8.47 19.98 752.73 498.69 17.03 -0.30
N3C912 -8.67 20.16 728.96 491.18 17.25 0.11
N3C9131 -8.33 10.44 675.06 451.17 17.49 0.27
N3C9133 -7.61 10.15 743.29 487.48 17.26 0.27
N3C9134 -8.43 9.57 700.14 465.08 17.09 0.11
N3C9136 -8.48 11.92 676.13 452.37 17.54 0.414
N3C9137 -8.65 27.41 769.87 511.09 16.88 -0.41
N3C9138 -8.53 23.64 797.11 522.63 17.55 0.70
N3C9139 -8.26 21.60 683.06 462.08 17.08 0.01
N3C9140 -8.44 4.08 619.69 412.88 18.48 1.10
N3C9141 -8.39 9.14 657.79 441.80 17.55 0.20
N3C914 -8.57 24.48 699.49 478.69 16.70 -0.73
N3C915 -8.41 13.30 641.83 440.67 17.21 0.16
N3C916 -8.39 19.00 705.16 478.77 16.65 -0.61
N3C918 -7.63 9.75 608.82 419.71 18.25 1.29
N3C919 -8.16 13.90 674.58 459.04 17.47 0.93
N3C91 -8.17 9.82 692.09 465.16 17.03 0.90
N3C920 -8.01 6.17 659.38 443.69 17.93 1.09
N3C921 -8.22 12.16 693.06 466.70 17.92 1.26
N3C923 -8.33 12.11 696.25 469.52 17.08 0.65
N3C926 -8.21 13.79 712.39 479.19 17.10 0.57
N3C927 -6.37 15.78 630.59 435.28 17.90 0.92
N3C928 -8.50 17.45 637.21 440.86 17.14 0.23
N3C929 -8.53 17.15 690.72 470.97 16.57 -0.60
N3C92 -7.27 21.24 789.64 524.78 16.46 -0.52
N3C930 -6.70 18.79 702.44 476.40 17.18 0.22
N3C931 -6.83 17.99 770.06 512.07 16.82 -0.17
N3C932 -8.50 14.36 718.38 483.81 16.69 -0.44
N3C933 -8.31 26.52 799.12 530.31 17.02 0.22
N3C935 -8.38 23.71 738.83 498.20 16.68 -0.18
N3C936 -8.42 16.38 734.09 493.79 16.45 -0.91
N3C937 -8.27 22.65 811.90 537.66 16.31 -1.04
N3C938 -7.38 22.38 695.95 474.68 16.88 -0.114
N3C939 -6.71 17.36 759.80 507.31 16.43 -0.62
N3C940 -8.43 19.87 695.95 474.71 16.61 -0.55
N3C941 -8.37 1.61 501.80 344.40 20.91 2.90
N3C942 -8.28 1.86 507.65 349.57 21.02 3.06
N3C948 -7.83 2.07 509.92 351.42 21.05 2.75
N3C945 -6.61 4.13 591.88 403.17 18.83 1.44
N3C946 -6.60 4.72 592.34 404.71 18.84 1.43
N3C947 -8.38 3.98 562.86 386.78 19.15 1.70
N3C948 -8.70 5.05 571.02 393.60 17.83 0.89
N3C949 -8.34 6.24 682.08 456.24 17.55 0.65
N3C950 -6.95 5.48 692.94 461.12 17.23 0.34
N3C951 -8.25 5.39 669.18 446.76 19.00 1.44
N3C952 -8.10 7.51 706.92 470.94 17.46 0.57
N3C953 -7.63 6.75 696.07 464.30 17.52 0.68
N3C954 -7.84 7.08 689.90 461.38 17.71 0.60
N3C955 -7.76 6.80 632.31 430.50 17.31 0.32
N3C956 -8.13 7.09 665.70 447.09 19.12 1.56
N3C957 -8.39 4.82 605.38 412.54 17.34 0.51
N3C958 -8.42 5.35 568.27 391.68 19.05 1.86
N3C959 -6.59 6.01 566.30 391.60 19.03 1.79
N3C95 -8.43 33.83 748.99 508.74 16.32 -1.20
N3C960 -8.11 7.22 591.46 407.49 18.10 1.12
N3C961 -8.28 11.23 632.53 434.43 17.47 0.95
N3C962 -7.36 9.85 629.58 431.24 17.74 0.57
N3C963 -8.45 10.13 641.57 438.12 17.53 0.47
N3C964 -8.21 11.20 629.60 432.29 17.75 0.62
N3C965 -8.24 11.44 620.60 428.45 17.07 -0.24
N3C967 -8.54 15.42 661.39 452.55 17.15 0.17
N3C968 -8.41 15.85 695.99 471.35 17.12 0.09
N3C969 -8.61 16.01 796.73 524.04 17.57 0.34
N3C970 -8.54 14.39 636.20 438.83 17.05 -0.22
N3C971 -8.30 12.36 647.93 443.75 16.96 -0.20
N3C972 -8.48 8.34 682.97 457.95 17.86 1.01
N3C974 -8.26 12.34 651.16 444.15 17.75 1.09
N3C975 -8.47 17.00 728.85 489.98 16.70 -0.53
N3C976 -8.31 18.00 699.58 474.44 17.21 0.10
N3C977 -7.99 7.75 662.53 445.55 19.14 1.79
N3C978 -7.98 9.87 670.56 451.88 19.32 1.93
N3C979 -8.35 11.80 625.05 429.83 18.09 1.49
N3C980 -7.27 9.54 612.17 421.27 17.94 1.32
N3C981 -8.32 8.10 646.87 438.56 17.53 1.04
N3C982 -7.89 14.94 712.43 478.72 17.89 1.32
N3C983 -7.98 6.20 670.48 449.36 17.81 0.74
N3C984 -8.07 13.94 613.54 424.72 18.02 1.33
N3C985 -8.34 9.08 649.21 440.77 17.55 0.97
N3C986 -8.58 12.50 638.06 437.79 17.69 0.60
N3C987 -6.80 10.74 663.22 451.00 17.04 -0.05
N3C988 -8.28 17.85 732.80 490.74 17.88 1.03
N3C98 -8.55 8.70 619.95 425.65 17.93 0.83
N3C990 -8.30 21.15 701.40 477.00 17.18 0.07
N3C992 -8.08 1.58 499.40 342.57 20.92 2.82
N3C993 -7.54 3.90 587.64 400.12 18.79 1.39
N3C994 -7.93 3.97 584.72 398.54 19.02 1.53
N3C995 -8.51 5.86 608.88 416.13 17.82 0.62
N3C996 -7.98 4.84 641.10 430.47 19.13 1.76
N3C997 -8.16 6.85 592.59 407.81 17.95 1.12
N3C998 -8.43 7.71 618.06 423.23 17.64 0.25
N3C999 -8.70 9.36 708.27 473.04 17.68 0.36
N3C99 -8.61 8.25 659.22 447.54 17.19 0.27
N4C51 -10.74 1.24 445.72 308.56 22.01 2.92
N4C61 -9.97 10.82 611.13 420.73 19.55 2.54
N4C62 -9.50 5.32 597.07 407.84 19.97 2.00
N4C71 -9.28 38.19 739.48 501.97 18.18 2.44
N4C72 -9.04 31.98 696.04 476.85 18.11 2.36
N4C73 -8.21 3.87 575.26 392.94 20.30 1.60
N4C74 -9.95 7.01 577.58 399.10 19.96 1.68
N4C75 -9.08 10.38 674.49 456.86 18.55 1.13
N4C76 -9.43 15.92 625.60 432.79 18.84 1.67
N4C810 -9.24 18.55 624.45 433.44 18.92 0.90
N4C811 -8.99 18.63 714.80 482.26 18.62 1.16
N4C812 -9.09 23.01 682.01 466.30 18.66 1.11
N4C813 -9.01 20.96 672.23 459.90 18.57 1.20
N4C814 -7.39 10.97 645.39 441.10 18.15 0.65
N4C815 -9.25 38.15 690.29 475.37 18.05 1.06
N4C816 -9.29 40.91 706.61 484.40 17.97 1.28
N4C817 -8.80 20.13 695.49 471.92 18.81 1.40
N4C818 -9.11 26.63 651.48 449.79 18.64 1.56
N4C819 -7.89 2.62 558.52 380.09 20.40 1.60
N4C81 -6.85 23.64 690.09 471.23 18.47 1.11
N4C820 -9.94 3.98 547.39 377.75 20.18 1.15
N4C82 -7.31 41.27 744.69 504.64 17.90 1.28
N4C83 -8.94 53.00 714.42 491.41 17.78 1.14
N4C84 -8.95 54.74 756.49 513.71 17.58 1.44
N4C85 -8.88 93.69 761.15 521.60 17.35 1.72
N4C86 -6.67 3.82 573.29 391.12 20.47 1.66
N4C87 -8.99 8.37 582.26 403.76 18.92 0.99
N4C88 -7.70 7.48 659.37 444.90 18.85 0.99
N4C89 -6.78 6.87 569.48 393.85 20.10 1.60
N5C71 -10.26 4.70 586.93 399.10 21.12 2.05
N2C936 -8.28 3.25 584.90 398.26 16.08 1.73
N3C837 -8.74 12.04 638.73 438.80 17.65 0.03
N3C83 -8.73 29.19 715.24 489.97 16.71 -1.11
N3C9113 -8.47 30.04 787.28 520.26 16.83 -0.60
N3C934 -8.17 22.22 724.38 489.85 16.90 -0.15
N3C93 -8.45 22.87 729.77 495.50 16.25 -1.20
N3C94 -8.48 18.77 714.09 484.81 16.24 -1.03
N3C966 -8.63 8.85 628.87 430.60 17.06 0.08
